1151120191443|1|khanh26688@gmail.com|2|2
1151120191446|1|khanh26688@gmail.com|2|2
1151120191446|1|khanh26688@gmail.com|2|2
1151120191446|1|khanh26688@gmail.com|2|2
1151120191446|1|khanh26688@gmail.com|2|2
1151120191446|1|khanh26688@gmail.com|2|2
1151120191446|1|khanh26688@gmail.com|2|2
1151120191446|1|khanh26688@gmail.com|2|2
1151120191446|1|khanh26688@gmail.com|2|2
1151120191446|1|khanh26688@gmail.com|2|2
1151120191446|1|khanh26688@gmail.com|2|2
1151120191449|1|khanh26688@gmail.com|2|3
1151120191449|1|khanh26688@gmail.com|2|3
1151120191449|1|khanh26688@gmail.com|2|3
1151120191449|1|khanh26688@gmail.com|2|3
1151120191449|1|khanh26688@gmail.com|2|3
1151120191449|1|khanh26688@gmail.com|2|3
1151120191449|1|khanh26688@gmail.com|2|3
1151120191449|1|khanh26688@gmail.com|2|3
1151120191458|1|khanh.phungntu@gmail.com|0|0
1151120191459|1|khanh.phungntu@gmail.com|2|3
